$    1  LBLRTM run for TCWret                                                  LBLRTM 
 1 68    7  1.000000 Atmospheric lay H1=    0.02 H2=   30.00 ANG=   0.000 LEN= 0
   1010.975        273.35              3   0.018 1013.63 273.60  0.060 1008.32 273.10
  6.6668615E+20  4.5847119E+19  2.7205955E+15  1.6750840E+16  1.9009652E+17  3.4664533E+16  2.3370399E+22  8.8404697E+22
   1005.797        272.90              3                         0.100 1003.28 272.70
  6.2835327E+20  4.3563746E+19  2.6079949E+15  1.5895567E+16  1.8063231E+17  3.2938592E+16  2.2207126E+22  8.4004050E+22
   1000.146        272.50              3                         0.150 997.012 272.30
  7.7477915E+20  5.3965333E+19  3.2615939E+15  1.9657894E+16  2.2375867E+17  4.0803194E+16  2.7509414E+22  1.0406061E+23
   993.8913        272.10              3                         0.200 990.770 271.90
  7.6603225E+20  5.4238667E+19  3.3131233E+15  1.9724429E+16  2.2489318E+17  4.1009726E+16  2.7648292E+22  1.0458691E+23
   987.6626        271.80              3                         0.250 984.564 271.70
  7.3760025E+20  5.3441776E+19  3.2990178E+15  1.9401855E+16  2.2158616E+17  4.0407009E+16  2.7242234E+22  1.0304908E+23
   981.4807        271.55              3                         0.300 978.388 271.40
  7.1877640E+20  5.3161282E+19  3.3154342E+15  1.9267872E+16  2.2042714E+17  4.0195113E+16  2.7099321E+22  1.0250949E+23
   975.3164        271.20              3                         0.350 972.244 271.00
  7.0487963E+20  5.3421303E+19  3.3661535E+15  1.9329554E+16  2.2150450E+17  4.0392003E+16  2.7231943E+22  1.0301114E+23
   971.6249        270.94              3                         0.360 971.017 270.90
  1.3426866E+20  1.0344826E+19  6.5588224E+14  3.7391118E+15  4.2892524E+16  7.8215778E+15  5.2732074E+21  1.9947447E+22
   970.4083        270.90              3                         0.370 969.791 270.90
  1.4045088E+20  1.0850090E+19  6.8925467E+14  3.9219561E+15  4.4987592E+16  8.2038079E+15  5.5309760E+21  2.0921670E+22
   969.1782        270.91              3                         0.380 968.571 270.90
  1.3328937E+20  1.0320371E+19  6.5699866E+14  3.7291894E+15  4.2793401E+16  7.8033988E+15  5.2608990E+21  1.9900542E+22
   967.9670        270.90              3                         0.390 967.352 270.90
  1.3897320E+20  1.0823633E+19  6.9045277E+14  3.9082364E+15  4.4876743E+16  8.1833429E+15  5.5173537E+21  2.0869805E+22
   966.7006        270.89              3                         0.400 966.133 270.90
  1.3138224E+20  1.0295556E+19  6.5803160E+14  3.7162545E+15  4.2688307E+16  7.7841966E+15  5.2481691E+21  1.9852342E+22
   963.1073        271.60              3                         0.450 960.078 272.30
  6.7171857E+20  5.2685470E+19  3.3878807E+15  1.8998818E+16  2.1845114E+17  3.9835109E+16  2.6856642E+22  1.0159117E+23
   957.0956        273.64              3                         0.500 954.103 275.00
  6.5849192E+20  5.1459246E+19  3.3422697E+15  1.8525388E+16  2.1336748E+17  3.8908177E+16  2.6231693E+22  9.9227063E+22
   952.9327        275.65              3                         0.520 951.744 276.30
  2.6162900E+20  2.0444873E+19  1.3371530E+15  7.3526801E+15  8.4771144E+16  1.5458251E+16  1.0421833E+22  3.9423016E+22
   948.8228        277.34              3                         0.570 945.898 278.40
  6.3049459E+20  5.0339271E+19  3.3149621E+15  1.8085334E+16  2.0872363E+17  3.8061352E+16  2.5660763E+22  9.7067398E+22
   943.0050        278.90              3                         0.620 940.112 279.40
  6.0460769E+20  5.0249784E+19  3.3483232E+15  1.8022565E+16  2.0835415E+17  3.7993972E+16  2.5615295E+22  9.6895126E+22
   934.4037        279.45              3                         0.720 928.692 279.50
  1.1147775E+21  9.8934215E+19  6.6729275E+15  3.5387140E+16  4.1021483E+17  7.4803693E+16  5.0432272E+22  1.9077142E+23
   925.2928        279.45              3                         0.780 921.895 279.40
  6.0698721E+20  5.8325107E+19  3.9945045E+15  2.0804989E+16  2.4183389E+17  4.4099105E+16  2.9731558E+22  1.1246548E+23
   920.2121        279.40              3                         0.810 918.528 279.40
  2.9170431E+20  2.9489027E+19  2.0368713E+15  1.0501152E+16  1.2227286E+17  2.2296745E+16  1.5032426E+22  5.6862787E+22
   915.7203        279.45              3                         0.860 912.915 279.50
  4.5695278E+20  4.8277453E+19  3.3593556E+15  1.7168054E+16  2.0017532E+17  3.6502678E+16  2.4609724E+22  9.3092106E+22
   909.5812        279.45              3                         0.920 906.251 279.40
  5.1443764E+20  5.7840187E+19  4.0656823E+15  2.0533322E+16  2.3982587E+17  4.3732843E+16  2.9484520E+22  1.1153129E+23
   896.3757        279.35              3                         1.100 886.505 279.30
  1.3816202E+21  1.7111383E+20  1.2272767E+16  6.0495289E+16  7.0949492E+17  1.2937835E+17  8.7226195E+22  3.2995388E+23
   878.4399        279.20              3                         1.250 870.374 279.10
  1.0553440E+21  1.3962016E+20  1.0273196E+16  4.9071702E+16  5.7891445E+17  1.0556643E+17  7.1172290E+22  2.6922430E+23
   862.4441        279.00              3                         1.400 854.520 278.90
  1.0660643E+21  1.3716450E+20  1.0313257E+16  4.7957665E+16  5.6873040E+17  1.0370970E+17  6.9920514E+22  2.6449010E+23
   844.1564        278.50              3                         1.600 833.803 278.10
  1.6304401E+21  1.7951813E+20  1.3832167E+16  6.2372155E+16  7.4434346E+17  1.3573322E+17  9.1510460E+22  3.4616634E+23
   823.6621        277.45              3                         1.800 813.535 276.80
  1.9978134E+21  1.7522841E+20  1.3875727E+16  6.0432793E+16  7.2655577E+17  1.3248954E+17  8.9323783E+22  3.3789294E+23
   803.5840        276.10              3                         2.000 793.651 275.40
  2.1883836E+21  1.7212388E+20  1.3999405E+16  5.8942323E+16  7.1368317E+17  1.3014220E+17  8.7741110E+22  3.3190063E+23
   783.8917        274.70              3                         2.200 774.148 274.00
  2.0362526E+21  1.6880510E+20  1.4120329E+16  5.7394069E+16  6.9992409E+17  1.2763329E+17  8.6049467E+22  3.2550314E+23
   764.5886        273.45              3                         2.400 755.040 272.90
  1.7533328E+21  1.6509399E+20  1.4218533E+16  5.5729812E+16  6.8453649E+17  1.2482737E+17  8.4157595E+22  3.1834732E+23
   745.6874        272.50              3                         2.600 736.343 272.10
  1.5430683E+21  1.6204224E+20  1.4356898E+16  5.4304523E+16  6.7188421E+17  1.2251998E+17  8.2602169E+22  3.1246090E+23
   727.1943        271.60              3                         2.800 718.056 271.10
  1.4039419E+21  1.5820298E+20  1.4408422E+16  5.2631813E+16  6.5596376E+17  1.1961681E+17  8.0644878E+22  3.0505676E+23
   709.1006        270.55              3                         3.000 700.159 270.00
  1.2942667E+21  1.5527840E+20  1.4526398E+16  5.1280239E+16  6.4383656E+17  1.1740562E+17  7.9154105E+22  2.9941822E+23
   691.3886        269.35              3                         3.200 682.631 268.70
  1.1765860E+21  1.5211121E+20  1.4637952E+16  4.9918708E+16  6.3052065E+17  1.1493703E+17  7.7539682E+22  2.9331119E+23
   665.5856        267.36              3                         3.600 648.599 266.00
  1.9176904E+21  2.9480016E+20  2.9635034E+16  9.5956407E+16  1.2212652E+18  2.2228833E+17  1.5027619E+23  5.6846362E+23
   640.3253        265.35              3                         3.800 632.064 264.70
  7.3013103E+20  1.4280370E+20  1.4978887E+16  4.6080597E+16  5.9141562E+17  1.0745134E+17  7.2794959E+22  2.7536640E+23
   624.0049        264.15              3                         4.000 615.958 263.60
  5.5953042E+20  1.4020213E+20  1.5109507E+16  4.4984714E+16  5.8047060E+17  1.0535698E+17  7.1468825E+22  2.7035006E+23
   608.0703        263.15              3                         4.200 600.191 262.70
  4.0501628E+20  1.3719904E+20  1.5266403E+16  4.3870389E+16  5.6753653E+17  1.0284973E+17  6.9938029E+22  2.6455874E+23
   592.4568        262.25              3                         4.400 584.731 261.80
  2.8778494E+20  1.3385217E+20  1.5449015E+16  4.2734839E+16  5.5303841E+17  9.9981410E+16  6.8231903E+22  2.5810447E+23
   573.4589        261.00              3                         4.700 562.211 260.20
  3.1092078E+20  1.9578057E+20  2.3606811E+16  6.2411248E+16  8.0771870E+17  1.4557190E+17  9.9800299E+22  3.7751881E+23
   551.3018        259.30              3                         5.000 540.418 258.40
  2.4461409E+20  1.8916529E+20  2.3986078E+16  6.0187262E+16  7.7904185E+17  1.3989184E+17  9.6428193E+22  3.6476113E+23
   529.8533        257.40              3                         5.300 519.316 256.40
  2.1445999E+20  1.8315721E+20  2.4616485E+16  5.8097108E+16  7.5273652E+17  1.3431045E+17  9.3365484E+22  3.5317585E+23
   509.0798        255.30              3                         5.600 498.873 254.20
  1.9257301E+20  1.7771924E+20  2.5494359E+16  5.6177025E+16  7.2843786E+17  1.2878392E+17  9.0593482E+22  3.4268952E+23
   488.9538        253.05              3                         5.900 479.065 251.90
  1.7192486E+20  1.7193691E+20  2.6219148E+16  5.4181395E+16  7.0263940E+17  1.2310494E+17  8.7645876E+22  3.3153955E+23
   469.4540        250.75              3                         6.200 459.872 249.60
  1.5934068E+20  1.6686797E+20  2.6930540E+16  5.2299662E+16  6.7968723E+17  1.1817311E+17  8.5061927E+22  3.2176508E+23
   450.5629        248.45              3                         6.500 441.282 247.30
  1.6356801E+20  1.6136843E+20  2.7442803E+16  5.0143172E+16  6.5492534E+17  1.1321574E+17  8.2258517E+22  3.1116090E+23
   432.2694        246.20              3                         6.800 423.284 245.10
  1.7397068E+20  1.5622477E+20  2.7909473E+16  4.8068643E+16  6.3157343E+17  1.0865436E+17  7.9636594E+22  3.0124279E+23
   414.5641        244.00              3                         7.100 405.871 242.90
  1.6541677E+20  1.5142400E+20  2.8390105E+16  4.6092915E+16  6.0957997E+17  1.0442900E+17  7.7189338E+22  2.9198539E+23
   397.4396        241.85              3                         7.400 389.032 240.80
  1.3518879E+20  1.4623074E+20  2.8814936E+16  4.3923707E+16  5.8635457E+17  1.0009820E+17  7.4541969E+22  2.8197153E+23
   380.8806        239.75              3                         7.700 372.753 238.70
  1.0492453E+20  1.4160613E+20  2.9328633E+16  4.1895748E+16  5.6573928E+17  9.6276511E+16  7.2184681E+22  2.7305474E+23
   364.8712        237.55              3                         8.000 357.015 236.40
  8.2553506E+19  1.3669567E+20  2.9688781E+16  3.9826046E+16  5.4412047E+17  9.2304388E+16  6.9681445E+22  2.6358554E+23
   346.8839        234.81              3                         8.400 336.799 233.20
  8.6553995E+19  1.7536486E+20  4.3157940E+16  4.9916612E+16  6.9548062E+17  1.1754020E+17  8.9393264E+22  3.3815015E+23
   327.1411        231.41              3                         8.800 317.533 229.60
  7.0992858E+19  1.6781936E+20  4.9647533E+16  4.6274540E+16  6.6330334E+17  1.1156179E+17  8.5547046E+22  3.2360010E+23
   308.2624        227.86              3                         9.200 299.039 226.10
  6.0284802E+19  1.6079613E+20  5.5416086E+16  4.2867141E+16  6.3260738E+17  1.0602993E+17  8.1966783E+22  3.1005723E+23
   290.1924        224.46              3                         9.600 281.389 222.80
  4.6784105E+19  1.5347844E+20  6.0097875E+16  3.9475053E+16  5.9914471E+17  1.0041867E+17  7.8236614E+22  2.9594713E+23
   272.9523        221.21              3                        10.000 264.556 219.60
  3.2345244E+19  1.4648500E+20  6.4082548E+16  3.6286478E+16  5.6666297E+17  9.5092698E+16  7.4671614E+22  2.8246204E+23
   254.5648        217.96              3                        10.500 244.624 216.30
  2.6686245E+19  1.7333199E+20  9.1486781E+16  4.1062748E+16  6.6355781E+17  1.1155019E+17  8.8357013E+22  3.3422985E+23
   235.2737        215.31              3                        11.000 225.952 214.30
  1.7630183E+19  1.6216532E+20  1.0862810E+17  3.6444327E+16  6.1349457E+17  1.0335590E+17  8.2664751E+22  3.1269742E+23
   217.3588        215.43              3                        11.500 208.735 216.60
  1.1244999E+19  1.4971621E+20  1.2056245E+17  3.1687341E+16  5.5983514E+17  9.4491583E+16  7.6318747E+22  2.8869201E+23
   200.9368        218.56              3                        12.000 193.091 220.60
  6.4814968E+18  1.3641936E+20  1.2734581E+17  2.6960135E+16  5.0412783E+17  8.5251648E+16  6.9540595E+22  2.6305216E+23
   185.9521        222.03              3                        12.500 178.782 223.50
  2.9752526E+18  1.2428360E+20  1.3088318E+17  2.2594163E+16  4.5397206E+17  7.6849223E+16  6.3354361E+22  2.3965163E+23
   172.2463        223.89              3                        13.000 165.703 224.30
  1.5112077E+18  1.1417109E+20  1.3278597E+17  1.8747309E+16  4.1215798E+17  6.9829644E+16  5.8199405E+22  2.2015169E+23
   154.0362        224.59              3                        14.000 142.359 224.90
  2.3769723E+18  2.0327241E+20  2.7129255E+17  2.8210967E+16  7.2032676E+17  1.2216961E+17  1.0361935E+23  3.9196240E+23
   132.3605        225.09              3                        15.000 122.356 225.30
  1.9203214E+18  1.7428199E+20  2.7520807E+17  1.9021813E+16  6.0019131E+17  1.0179702E+17  8.8841357E+22  3.3606138E+23
   100.5637        225.85              3                        18.000 78.7330 226.50
  4.0382662E+18  3.9029440E+20  9.0172330E+17  2.7729361E+16  1.2506425E+18  2.0970946E+17  1.9895496E+23  7.5259012E+23
   68.52673        226.83              3                        20.000 58.3100 227.20
  1.8790251E+18  1.7807543E+20  7.1581210E+17  7.1400916E+15  5.0086108E+17  7.8293930E+16  9.0775040E+22  3.4337605E+23
   42.84528        227.51              3                        25.000 27.3650 227.90
  2.9936455E+18  2.6696359E+20  1.9542846E+18  9.1641170E+15  5.9937609E+17  8.0246834E+16  1.3608630E+23  5.1477462E+23
   20.28419        231.37              3                        30.000 13.1230 235.90
  1.5549548E+18  1.2436721E+20  1.5168225E+18  4.9615317E+15  2.1271253E+17  2.2587817E+16  6.3396951E+22  2.3981158E+23
    3         0      THE FOLLOWING CROSS-SECTIONS WERE SELECTED:
CCL4      F11       F12                                                OTHER    
 1 68    3  1.000000 Atmospheric lay H1=   0.018 H2=  30.000 ANG=   0.000 LEN= 0
   1010.975        273.35              3   0.018 1013.63 273.60  0.060 1008.32 273.10
  1.2356181E+13  3.1119649E+13  5.6211983E+13  0.0000000E+00  0.0000000E+00  0.0000000E+00  0.0000000E+00  8.8404697E+22
   1005.797        272.90              3                         0.100 1003.28 272.70
  1.1741067E+13  2.9570749E+13  5.3414222E+13  0.0000000E+00  0.0000000E+00  0.0000000E+00  0.0000000E+00  8.4004050E+22
   1000.146        272.50              3                         0.150 997.012 272.30
  1.4544412E+13  3.6630686E+13  6.6166832E+13  0.0000000E+00  0.0000000E+00  0.0000000E+00  0.0000000E+00  1.0406061E+23
   993.8913        272.10              3                         0.200 990.770 271.90
  1.4617987E+13  3.6816267E+13  6.6502133E+13  0.0000000E+00  0.0000000E+00  0.0000000E+00  0.0000000E+00  1.0458691E+23
   987.6626        271.80              3                         0.250 984.564 271.70
  1.4403097E+13  3.6274920E+13  6.5524344E+13  0.0000000E+00  0.0000000E+00  0.0000000E+00  0.0000000E+00  1.0304908E+23
   981.4807        271.55              3                         0.300 978.388 271.40
  1.4327715E+13  3.6085011E+13  6.5181502E+13  0.0000000E+00  0.0000000E+00  0.0000000E+00  0.0000000E+00  1.0250949E+23
   975.3164        271.20              3                         0.350 972.244 271.00
  1.4397763E+13  3.6261599E+13  6.5500214E+13  0.0000000E+00  0.0000000E+00  0.0000000E+00  0.0000000E+00  1.0301114E+23
   971.6249        270.94              3                         0.360 971.017 270.90
  2.7879300E+12  7.0216901E+12  1.2683555E+13  0.0000000E+00  0.0000000E+00  0.0000000E+00  0.0000000E+00  1.9947447E+22
   970.4083        270.90              3                         0.370 969.791 270.90
  2.9242145E+12  7.3647800E+12  1.3303478E+13  0.0000000E+00  0.0000000E+00  0.0000000E+00  0.0000000E+00  2.0921670E+22
   969.1782        270.91              3                         0.380 968.571 270.90
  2.7814768E+12  7.0055169E+12  1.2654035E+13  0.0000000E+00  0.0000000E+00  0.0000000E+00  0.0000000E+00  1.9900542E+22
   967.9670        270.90              3                         0.390 967.352 270.90
  2.9170283E+12  7.3467245E+12  1.3270693E+13  0.0000000E+00  0.0000000E+00  0.0000000E+00  0.0000000E+00  2.0869805E+22
   966.7006        270.89              3                         0.400 966.133 270.90
  2.7746828E+12  6.9881802E+12  1.2622996E+13  0.0000000E+00  0.0000000E+00  0.0000000E+00  0.0000000E+00  1.9852342E+22
   963.1073        271.60              3                         0.450 960.078 272.30
  1.4199319E+13  3.5761622E+13  6.4597290E+13  0.0000000E+00  0.0000000E+00  0.0000000E+00  0.0000000E+00  1.0159117E+23
   957.0956        273.64              3                         0.500 954.103 275.00
  1.3868872E+13  3.4929482E+13  6.3094143E+13  0.0000000E+00  0.0000000E+00  0.0000000E+00  0.0000000E+00  9.9227063E+22
   952.9327        275.65              3                         0.520 951.744 276.30
  5.5101196E+12  1.3877491E+13  2.5067266E+13  0.0000000E+00  0.0000000E+00  0.0000000E+00  0.0000000E+00  3.9423016E+22
   948.8228        277.34              3                         0.570 945.898 278.40
  1.3567018E+13  3.4169248E+13  6.1720823E+13  0.0000000E+00  0.0000000E+00  0.0000000E+00  0.0000000E+00  9.7067398E+22
   943.0050        278.90              3                         0.620 940.112 279.40
  1.3542979E+13  3.4108802E+13  6.1611365E+13  0.0000000E+00  0.0000000E+00  0.0000000E+00  0.0000000E+00  9.6895126E+22
   934.4037        279.45              3                         0.720 928.692 279.50
  2.6663880E+13  6.7154532E+13  1.2130293E+14  0.0000000E+00  0.0000000E+00  0.0000000E+00  0.0000000E+00  1.9077142E+23
   925.2928        279.45              3                         0.780 921.895 279.40
  1.5719240E+13  3.9589784E+13  7.1511977E+13  0.0000000E+00  0.0000000E+00  0.0000000E+00  0.0000000E+00  1.1246548E+23
   920.2121        279.40              3                         0.810 918.528 279.40
  7.9476697E+12  2.0016729E+13  3.6156792E+13  0.0000000E+00  0.0000000E+00  0.0000000E+00  0.0000000E+00  5.6862787E+22
   915.7203        279.45              3                         0.860 912.915 279.50
  1.3011402E+13  3.2770026E+13  5.9193063E+13  0.0000000E+00  0.0000000E+00  0.0000000E+00  0.0000000E+00  9.3092106E+22
   909.5812        279.45              3                         0.920 906.251 279.40
  1.5588694E+13  3.9260963E+13  7.0917795E+13  0.0000000E+00  0.0000000E+00  0.0000000E+00  0.0000000E+00  1.1153129E+23
   896.3757        279.35              3                         1.100 886.505 279.30
  4.6117190E+13  1.1614841E+14  2.0980190E+14  0.0000000E+00  0.0000000E+00  0.0000000E+00  0.0000000E+00  3.2995388E+23
   878.4399        279.20              3                         1.250 870.374 279.10
  3.7629337E+13  9.4771616E+13  1.7118829E+14  0.0000000E+00  0.0000000E+00  0.0000000E+00  0.0000000E+00  2.6922430E+23
   862.4441        279.00              3                         1.400 854.520 278.90
  3.6967580E+13  9.3104774E+13  1.6817721E+14  0.0000000E+00  0.0000000E+00  0.0000000E+00  0.0000000E+00  2.6449010E+23
   844.1564        278.50              3                         1.600 833.803 278.10
  4.8382370E+13  1.2185335E+14  2.2010654E+14  0.0000000E+00  0.0000000E+00  0.0000000E+00  0.0000000E+00  3.4616634E+23
   823.6621        277.45              3                         1.800 813.535 276.80
  4.7226127E+13  1.1894166E+14  2.1484695E+14  0.0000000E+00  0.0000000E+00  0.0000000E+00  0.0000000E+00  3.3789294E+23
   803.5840        276.10              3                         2.000 793.651 275.40
  4.6389434E+13  1.1683444E+14  2.1104052E+14  0.0000000E+00  0.0000000E+00  0.0000000E+00  0.0000000E+00  3.3190063E+23
   783.8917        274.70              3                         2.200 774.148 274.00
  4.5495041E+13  1.1458165E+14  2.0697124E+14  0.0000000E+00  0.0000000E+00  0.0000000E+00  0.0000000E+00  3.2550314E+23
   764.5886        273.45              3                         2.400 755.040 272.90
  4.4494871E+13  1.1206261E+14  2.0242122E+14  0.0000000E+00  0.0000000E+00  0.0000000E+00  0.0000000E+00  3.1834732E+23
   745.6874        272.50              3                         2.600 736.343 272.10
  4.3672440E+13  1.0999137E+14  1.9867960E+14  0.0000000E+00  0.0000000E+00  0.0000000E+00  0.0000000E+00  3.1246090E+23
   727.1943        271.60              3                         2.800 718.056 271.10
  4.2637587E+13  1.0738507E+14  1.9397233E+14  0.0000000E+00  0.0000000E+00  0.0000000E+00  0.0000000E+00  3.0505676E+23
   709.1006        270.55              3                         3.000 700.159 270.00
  4.1849385E+13  1.0540000E+14  1.9038657E+14  0.0000000E+00  0.0000000E+00  0.0000000E+00  0.0000000E+00  2.9941822E+23
   691.3886        269.35              3                         3.200 682.631 268.70
  4.0995782E+13  1.0325019E+14  1.8650328E+14  0.0000000E+00  0.0000000E+00  0.0000000E+00  0.0000000E+00  2.9331119E+23
   665.5856        267.36              3                         3.600 648.599 266.00
  7.9452223E+13  2.0010447E+14  3.6145344E+14  0.0000000E+00  0.0000000E+00  0.0000000E+00  0.0000000E+00  5.6846362E+23
   640.3253        265.35              3                         3.800 632.064 264.70
  3.8487336E+13  9.6932429E+13  1.7509119E+14  0.0000000E+00  0.0000000E+00  0.0000000E+00  0.0000000E+00  2.7536640E+23
   624.0049        264.15              3                         4.000 615.958 263.60
  3.7786086E+13  9.5166401E+13  1.7190112E+14  0.0000000E+00  0.0000000E+00  0.0000000E+00  0.0000000E+00  2.7035006E+23
   608.0703        263.15              3                         4.200 600.191 262.70
  3.6976846E+13  9.3127960E+13  1.6821937E+14  0.0000000E+00  0.0000000E+00  0.0000000E+00  0.0000000E+00  2.6455874E+23
   592.4568        262.25              3                         4.400 584.731 261.80
  3.6074752E+13  9.0856216E+13  1.6411563E+14  0.0000000E+00  0.0000000E+00  0.0000000E+00  0.0000000E+00  2.5810447E+23
   573.4589        261.00              3                         4.700 562.211 260.20
  5.2765313E+13  1.3289208E+14  2.4004621E+14  0.0000000E+00  0.0000000E+00  0.0000000E+00  0.0000000E+00  3.7751881E+23
   551.3018        259.30              3                         5.000 540.418 258.40
  5.0982432E+13  1.2840186E+14  2.3193520E+14  0.0000000E+00  0.0000000E+00  0.0000000E+00  0.0000000E+00  3.6476113E+23
   529.8533        257.40              3                         5.300 519.316 256.40
  4.9363150E+13  1.2432347E+14  2.2456866E+14  0.0000000E+00  0.0000000E+00  0.0000000E+00  0.0000000E+00  3.5317585E+23
   509.0798        255.30              3                         5.600 498.873 254.20
  4.7897467E+13  1.2063242E+14  2.1790112E+14  0.0000000E+00  0.0000000E+00  0.0000000E+00  0.0000000E+00  3.4268952E+23
   488.9538        253.05              3                         5.900 479.065 251.90
  4.6339073E+13  1.1670724E+14  2.1081109E+14  0.0000000E+00  0.0000000E+00  0.0000000E+00  0.0000000E+00  3.3153955E+23
   469.4540        250.75              3                         6.200 459.872 249.60
  4.4972921E+13  1.1326677E+14  2.0459647E+14  0.0000000E+00  0.0000000E+00  0.0000000E+00  0.0000000E+00  3.2176508E+23
   450.5629        248.45              3                         6.500 441.282 247.30
  4.3490780E+13  1.0953378E+14  1.9785352E+14  0.0000000E+00  0.0000000E+00  0.0000000E+00  0.0000000E+00  3.1116090E+23
   432.2694        246.20              3                         6.800 423.284 245.10
  4.2104479E+13  1.0604240E+14  1.9154683E+14  0.0000000E+00  0.0000000E+00  0.0000000E+00  0.0000000E+00  3.0124279E+23
   414.5641        244.00              3                         7.100 405.871 242.90
  4.0810632E+13  1.0278366E+14  1.8566063E+14  0.0000000E+00  0.0000000E+00  0.0000000E+00  0.0000000E+00  2.9198539E+23
   397.4396        241.85              3                         7.400 389.032 240.80
  3.9410985E+13  9.9258523E+13  1.7929319E+14  0.0000000E+00  0.0000000E+00  0.0000000E+00  0.0000000E+00  2.8197153E+23
   380.8806        239.75              3                         7.700 372.753 238.70
  3.8164589E+13  9.6119648E+13  1.7362316E+14  0.0000000E+00  0.0000000E+00  0.0000000E+00  0.0000000E+00  2.7305474E+23
   364.8712        237.55              3                         8.000 357.015 236.40
  3.6841139E+13  9.2786452E+13  1.6760236E+14  0.0000000E+00  0.0000000E+00  0.0000000E+00  0.0000000E+00  2.6358554E+23
   346.8839        234.81              3                         8.400 336.799 233.20
  4.7262978E+13  1.1903434E+14  2.1501443E+14  0.0000000E+00  0.0000000E+00  0.0000000E+00  0.0000000E+00  3.3815015E+23
   327.1411        231.41              3                         8.800 317.533 229.60
  4.5229386E+13  1.1391252E+14  2.0576314E+14  0.0000000E+00  0.0000000E+00  0.0000000E+00  0.0000000E+00  3.2360010E+23
   308.2624        227.86              3                         9.200 299.039 226.10
  4.3336522E+13  1.0914528E+14  1.9715160E+14  0.0000000E+00  0.0000000E+00  0.0000000E+00  0.0000000E+00  3.1005723E+23
   290.1924        224.46              3                         9.600 281.389 222.80
  4.1364331E+13  1.0417827E+14  1.8817971E+14  0.0000000E+00  0.0000000E+00  0.0000000E+00  0.0000000E+00  2.9594713E+23
   272.9523        221.21              3                        10.000 264.556 219.60
  3.9479486E+13  9.9431144E+13  1.7960488E+14  0.0000000E+00  0.0000000E+00  0.0000000E+00  0.0000000E+00  2.8246204E+23
   254.5648        217.96              3                        10.500 244.624 216.30
  4.6715059E+13  1.1765429E+14  2.1252181E+14  0.0000000E+00  0.0000000E+00  0.0000000E+00  0.0000000E+00  3.3422985E+23
   235.2737        215.31              3                        11.000 225.952 214.30
  4.3705516E+13  1.1007460E+14  1.9883038E+14  0.0000000E+00  0.0000000E+00  0.0000000E+00  0.0000000E+00  3.1269742E+23
   217.3588        215.43              3                        11.500 208.735 216.60
  4.0350333E+13  1.0162440E+14  1.8356663E+14  0.0000000E+00  0.0000000E+00  0.0000000E+00  0.0000000E+00  2.8869201E+23
   200.9368        218.56              3                        12.000 193.091 220.60
  3.6766652E+13  9.2598799E+13  1.6726337E+14  0.0000000E+00  0.0000000E+00  0.0000000E+00  0.0000000E+00  2.6305216E+23
   185.9521        222.03              3                        12.500 178.782 223.50
  3.3495959E+13  8.4361337E+13  1.5238388E+14  0.0000000E+00  0.0000000E+00  0.0000000E+00  0.0000000E+00  2.3965163E+23
   172.2463        223.89              3                        13.000 165.703 224.30
  3.0770517E+13  7.7497148E+13  1.3998485E+14  0.0000000E+00  0.0000000E+00  0.0000000E+00  0.0000000E+00  2.2015169E+23
   154.0362        224.59              3                        14.000 142.359 224.90
  5.4784380E+13  1.3797729E+14  2.4923172E+14  0.0000000E+00  0.0000000E+00  0.0000000E+00  0.0000000E+00  3.9196240E+23
   132.3605        225.09              3                        15.000 122.356 225.30
  4.6971130E+13  1.1829923E+14  2.1368679E+14  0.0000000E+00  0.0000000E+00  0.0000000E+00  0.0000000E+00  3.3606138E+23
   100.5637        225.85              3                        18.000 78.7330 226.50
  1.0518910E+14  2.6492420E+14  4.7853898E+14  0.0000000E+00  0.0000000E+00  0.0000000E+00  0.0000000E+00  7.5259012E+23
   68.52673        226.83              3                        20.000 58.3100 227.20
  4.7993491E+13  1.2087410E+14  2.1833783E+14  0.0000000E+00  0.0000000E+00  0.0000000E+00  0.0000000E+00  3.4337605E+23
   42.84528        227.51              3                        25.000 27.3650 227.90
  7.1949938E+13  1.8120967E+14  3.2732332E+14  0.0000000E+00  0.0000000E+00  0.0000000E+00  0.0000000E+00  5.1477462E+23
   20.28419        231.37              3                        30.000 13.1230 235.90
  3.3518483E+13  8.4418044E+13  1.5248634E+14  0.0000000E+00  0.0000000E+00  0.0000000E+00  0.0000000E+00  2.3981158E+23
