$    1  LBLRTM run for TCWret                                                  LBLRTM 
 1 68    7  1.000000 Atmospheric lay H1=    0.02 H2=   30.00 ANG=   0.000 LEN= 0
   1010.975        273.35              3   0.018 1013.63 273.60  0.060 1008.32 273.10
  0.0000000E+00  0.0000000E+00  2.2497410E+17  0.0000000E+00  0.0000000E+00  0.0000000E+00  2.3509700E+22  8.8977951E+22
   1005.797        272.90              3                         0.100 1003.28 272.70
  0.0000000E+00  0.0000000E+00  2.1376776E+17  0.0000000E+00  0.0000000E+00  0.0000000E+00  2.2338615E+22  8.4544500E+22
   1000.146        272.50              3                         0.150 997.012 272.30
  0.0000000E+00  0.0000000E+00  2.6479678E+17  0.0000000E+00  0.0000000E+00  0.0000000E+00  2.7671400E+22  1.0472739E+23
   993.8913        272.10              3                         0.200 990.770 271.90
  0.0000000E+00  0.0000000E+00  2.6611047E+17  0.0000000E+00  0.0000000E+00  0.0000000E+00  2.7808633E+22  1.0524686E+23
   987.6626        271.80              3                         0.250 984.564 271.70
  0.0000000E+00  0.0000000E+00  2.6216939E+17  0.0000000E+00  0.0000000E+00  0.0000000E+00  2.7396189E+22  1.0368619E+23
   981.4807        271.55              3                         0.300 978.388 271.40
  0.0000000E+00  0.0000000E+00  2.6076100E+17  0.0000000E+00  0.0000000E+00  0.0000000E+00  2.7249248E+22  1.0313153E+23
   975.3164        271.20              3                         0.350 972.244 271.00
  0.0000000E+00  0.0000000E+00  2.6200244E+17  0.0000000E+00  0.0000000E+00  0.0000000E+00  2.7379537E+22  1.0362187E+23
   971.6249        270.94              3                         0.360 971.017 270.90
  0.0000000E+00  0.0000000E+00  5.0728323E+16  0.0000000E+00  0.0000000E+00  0.0000000E+00  5.3012158E+21  2.0064057E+22
   970.4083        270.90              3                         0.370 969.791 270.90
  0.0000000E+00  0.0000000E+00  5.3208327E+16  0.0000000E+00  0.0000000E+00  0.0000000E+00  5.5602032E+21  2.1043749E+22
   969.1782        270.91              3                         0.380 968.571 270.90
  0.0000000E+00  0.0000000E+00  5.0611590E+16  0.0000000E+00  0.0000000E+00  0.0000000E+00  5.2889233E+21  2.0016134E+22
   967.9670        270.90              3                         0.390 967.352 270.90
  0.0000000E+00  0.0000000E+00  5.3075114E+16  0.0000000E+00  0.0000000E+00  0.0000000E+00  5.5462612E+21  2.0990699E+22
   966.7006        270.89              3                         0.400 966.133 270.90
  0.0000000E+00  0.0000000E+00  5.0484669E+16  0.0000000E+00  0.0000000E+00  0.0000000E+00  5.2754778E+21  1.9966716E+22
   963.1073        271.60              3                         0.450 960.078 272.30
  0.0000000E+00  0.0000000E+00  2.5834661E+17  0.0000000E+00  0.0000000E+00  0.0000000E+00  2.6997247E+22  1.0217500E+23
   957.0956        273.64              3                         0.500 954.103 275.00
  0.0000000E+00  0.0000000E+00  2.5233687E+17  0.0000000E+00  0.0000000E+00  0.0000000E+00  2.6369150E+22  9.9799579E+22
   952.9327        275.65              3                         0.520 951.744 276.30
  0.0000000E+00  0.0000000E+00  1.0025397E+17  0.0000000E+00  0.0000000E+00  0.0000000E+00  1.0476580E+22  3.9650353E+22
   948.8228        277.34              3                         0.570 945.898 278.40
  0.0000000E+00  0.0000000E+00  2.4681664E+17  0.0000000E+00  0.0000000E+00  0.0000000E+00  2.5792315E+22  9.7616702E+22
   943.0050        278.90              3                         0.620 940.112 279.40
  0.0000000E+00  0.0000000E+00  2.4633211E+17  0.0000000E+00  0.0000000E+00  0.0000000E+00  2.5741907E+22  9.7423398E+22
   934.4037        279.45              3                         0.720 928.692 279.50
  0.0000000E+00  0.0000000E+00  4.8483525E+17  0.0000000E+00  0.0000000E+00  0.0000000E+00  5.0665410E+22  1.9175203E+23
   925.2928        279.45              3                         0.780 921.895 279.40
  0.0000000E+00  0.0000000E+00  2.8572533E+17  0.0000000E+00  0.0000000E+00  0.0000000E+00  2.9858805E+22  1.1300357E+23
   920.2121        279.40              3                         0.810 918.528 279.40
  0.0000000E+00  0.0000000E+00  1.4443410E+17  0.0000000E+00  0.0000000E+00  0.0000000E+00  1.5093314E+22  5.7123104E+22
   915.7203        279.45              3                         0.860 912.915 279.50
  0.0000000E+00  0.0000000E+00  2.3641584E+17  0.0000000E+00  0.0000000E+00  0.0000000E+00  2.4705446E+22  9.3501628E+22
   909.5812        279.45              3                         0.920 906.251 279.40
  0.0000000E+00  0.0000000E+00  2.8317547E+17  0.0000000E+00  0.0000000E+00  0.0000000E+00  2.9591991E+22  1.1199613E+23
   896.3757        279.35              3                         1.100 886.505 279.30
  0.0000000E+00  0.0000000E+00  8.3746653E+17  0.0000000E+00  0.0000000E+00  0.0000000E+00  8.7515263E+22  3.3121759E+23
   878.4399        279.20              3                         1.250 870.374 279.10
  0.0000000E+00  0.0000000E+00  6.8318354E+17  0.0000000E+00  0.0000000E+00  0.0000000E+00  7.1392484E+22  2.7019913E+23
   862.4441        279.00              3                         1.400 854.520 278.90
  0.0000000E+00  0.0000000E+00  6.7122883E+17  0.0000000E+00  0.0000000E+00  0.0000000E+00  7.0143303E+22  2.6547061E+23
   844.1564        278.50              3                         1.600 833.803 278.10
  0.0000000E+00  0.0000000E+00  8.7897640E+17  0.0000000E+00  0.0000000E+00  0.0000000E+00  9.1852977E+22  3.4763386E+23
   823.6621        277.45              3                         1.800 813.535 276.80
  0.0000000E+00  0.0000000E+00  8.5877672E+17  0.0000000E+00  0.0000000E+00  0.0000000E+00  8.9742590E+22  3.3964725E+23
   803.5840        276.10              3                         2.000 793.651 275.40
  0.0000000E+00  0.0000000E+00  8.4400512E+17  0.0000000E+00  0.0000000E+00  0.0000000E+00  8.8198567E+22  3.3380378E+23
   783.8917        274.70              3                         2.200 774.148 274.00
  0.0000000E+00  0.0000000E+00  8.2751588E+17  0.0000000E+00  0.0000000E+00  0.0000000E+00  8.6475490E+22  3.2728224E+23
   764.5886        273.45              3                         2.400 755.040 272.90
  0.0000000E+00  0.0000000E+00  8.0885037E+17  0.0000000E+00  0.0000000E+00  0.0000000E+00  8.4524693E+22  3.1989872E+23
   745.6874        272.50              3                         2.600 736.343 272.10
  0.0000000E+00  0.0000000E+00  7.9353816E+17  0.0000000E+00  0.0000000E+00  0.0000000E+00  8.2924771E+22  3.1384346E+23
   727.1943        271.60              3                         2.800 718.056 271.10
  0.0000000E+00  0.0000000E+00  7.7453172E+17  0.0000000E+00  0.0000000E+00  0.0000000E+00  8.0938593E+22  3.0632526E+23
   709.1006        270.55              3                         3.000 700.159 270.00
  0.0000000E+00  0.0000000E+00  7.6004614E+17  0.0000000E+00  0.0000000E+00  0.0000000E+00  7.9424384E+22  3.0059757E+23
   691.3886        269.35              3                         3.200 682.631 268.70
  0.0000000E+00  0.0000000E+00  7.4436422E+17  0.0000000E+00  0.0000000E+00  0.0000000E+00  7.7785876E+22  2.9439377E+23
   665.5856        267.36              3                         3.600 648.599 266.00
  0.0000000E+00  0.0000000E+00  1.4419059E+18  0.0000000E+00  0.0000000E+00  0.0000000E+00  1.5067925E+23  5.7027320E+23
   640.3253        265.35              3                         3.800 632.064 264.70
  0.0000000E+00  0.0000000E+00  6.9807011E+17  0.0000000E+00  0.0000000E+00  0.0000000E+00  7.2948523E+22  2.7608584E+23
   624.0049        264.15              3                         4.000 615.958 263.60
  0.0000000E+00  0.0000000E+00  6.8504076E+17  0.0000000E+00  0.0000000E+00  0.0000000E+00  7.1586626E+22  2.7093205E+23
   608.0703        263.15              3                         4.200 600.191 262.70
  0.0000000E+00  0.0000000E+00  6.7007977E+17  0.0000000E+00  0.0000000E+00  0.0000000E+00  7.0023489E+22  2.6501555E+23
   592.4568        262.25              3                         4.400 584.731 261.80
  0.0000000E+00  0.0000000E+00  6.5351741E+17  0.0000000E+00  0.0000000E+00  0.0000000E+00  6.8292486E+22  2.5846556E+23
   573.4589        261.00              3                         4.700 562.211 260.20
  0.0000000E+00  0.0000000E+00  9.5565366E+17  0.0000000E+00  0.0000000E+00  0.0000000E+00  9.9865872E+22  3.7796006E+23
   551.3018        259.30              3                         5.000 540.418 258.40
  0.0000000E+00  0.0000000E+00  9.2324933E+17  0.0000000E+00  0.0000000E+00  0.0000000E+00  9.6479759E+22  3.6514343E+23
   529.8533        257.40              3                         5.300 519.316 256.40
  0.0000000E+00  0.0000000E+00  8.9387691E+17  0.0000000E+00  0.0000000E+00  0.0000000E+00  9.3410079E+22  3.5352897E+23
   509.0798        255.30              3                         5.600 498.873 254.20
  0.0000000E+00  0.0000000E+00  8.6730920E+17  0.0000000E+00  0.0000000E+00  0.0000000E+00  9.0633754E+22  3.4301962E+23
   488.9538        253.05              3                         5.900 479.065 251.90
  0.0000000E+00  0.0000000E+00  8.3905924E+17  0.0000000E+00  0.0000000E+00  0.0000000E+00  8.7681797E+22  3.3184756E+23
   469.4540        250.75              3                         6.200 459.872 249.60
  0.0000000E+00  0.0000000E+00  8.1430621E+17  0.0000000E+00  0.0000000E+00  0.0000000E+00  8.5095173E+22  3.2205810E+23
   450.5629        248.45              3                         6.500 441.282 247.30
  0.0000000E+00  0.0000000E+00  7.8749077E+17  0.0000000E+00  0.0000000E+00  0.0000000E+00  8.2292817E+22  3.1145162E+23
   432.2694        246.20              3                         6.800 423.284 245.10
  0.0000000E+00  0.0000000E+00  7.6241950E+17  0.0000000E+00  0.0000000E+00  0.0000000E+00  7.9672983E+22  3.0153664E+23
   414.5641        244.00              3                         7.100 405.871 242.90
  0.0000000E+00  0.0000000E+00  7.3898685E+17  0.0000000E+00  0.0000000E+00  0.0000000E+00  7.7224178E+22  2.9226744E+23
   397.4396        241.85              3                         7.400 389.032 240.80
  0.0000000E+00  0.0000000E+00  7.1359164E+17  0.0000000E+00  0.0000000E+00  0.0000000E+00  7.4570585E+22  2.8222438E+23
   380.8806        239.75              3                         7.700 372.753 238.70
  0.0000000E+00  0.0000000E+00  6.9097372E+17  0.0000000E+00  0.0000000E+00  0.0000000E+00  7.2206893E+22  2.7327911E+23
   364.8712        237.55              3                         8.000 357.015 236.40
  0.0000000E+00  0.0000000E+00  6.6697392E+17  0.0000000E+00  0.0000000E+00  0.0000000E+00  6.9698721E+22  2.6378756E+23
   346.8839        234.81              3                         8.400 336.799 233.20
  0.0000000E+00  0.0000000E+00  8.5561191E+17  0.0000000E+00  0.0000000E+00  0.0000000E+00  8.9411459E+22  3.3839392E+23
   327.1411        231.41              3                         8.800 317.533 229.60
  0.0000000E+00  0.0000000E+00  8.1877429E+17  0.0000000E+00  0.0000000E+00  0.0000000E+00  8.5561836E+22  3.2382416E+23
   308.2624        227.86              3                         9.200 299.039 226.10
  0.0000000E+00  0.0000000E+00  7.8449021E+17  0.0000000E+00  0.0000000E+00  0.0000000E+00  8.1979294E+22  3.1026588E+23
   290.1924        224.46              3                         9.600 281.389 222.80
  0.0000000E+00  0.0000000E+00  7.4876989E+17  0.0000000E+00  0.0000000E+00  0.0000000E+00  7.8246441E+22  2.9613762E+23
   272.9523        221.21              3                        10.000 264.556 219.60
  0.0000000E+00  0.0000000E+00  7.1462786E+17  0.0000000E+00  0.0000000E+00  0.0000000E+00  7.4678585E+22  2.8263395E+23
   254.5648        217.96              3                        10.500 244.624 216.30
  0.0000000E+00  0.0000000E+00  8.4557687E+17  0.0000000E+00  0.0000000E+00  0.0000000E+00  8.8362768E+22  3.3442419E+23
   235.2737        215.31              3                        11.000 225.952 214.30
  0.0000000E+00  0.0000000E+00  7.9108432E+17  0.0000000E+00  0.0000000E+00  0.0000000E+00  8.2668354E+22  3.1287368E+23
   217.3588        215.43              3                        11.500 208.735 216.60
  0.0000000E+00  0.0000000E+00  7.3034517E+17  0.0000000E+00  0.0000000E+00  0.0000000E+00  7.6321053E+22  2.8885076E+23
   200.9368        218.56              3                        12.000 193.091 220.60
  0.0000000E+00  0.0000000E+00  6.6547288E+17  0.0000000E+00  0.0000000E+00  0.0000000E+00  6.9541856E+22  2.6319386E+23
   185.9521        222.03              3                        12.500 178.782 223.50
  0.0000000E+00  0.0000000E+00  6.0626700E+17  0.0000000E+00  0.0000000E+00  0.0000000E+00  6.3354892E+22  2.3977844E+23
   172.2463        223.89              3                        13.000 165.703 224.30
  0.0000000E+00  0.0000000E+00  5.5693477E+17  0.0000000E+00  0.0000000E+00  0.0000000E+00  5.8199716E+22  2.2026715E+23
   154.0362        224.59              3                        14.000 142.359 224.90
  0.0000000E+00  0.0000000E+00  9.9157676E+17  0.0000000E+00  0.0000000E+00  0.0000000E+00  1.0361977E+23  3.9216776E+23
   132.3605        225.09              3                        15.000 122.356 225.30
  0.0000000E+00  0.0000000E+00  8.5015957E+17  0.0000000E+00  0.0000000E+00  0.0000000E+00  8.8841681E+22  3.3623738E+23
   100.5637        225.85              3                        18.000 78.7330 226.50
  0.0000000E+00  0.0000000E+00  1.9038838E+18  0.0000000E+00  0.0000000E+00  0.0000000E+00  1.9895584E+23  7.5298413E+23
   68.52673        226.83              3                        20.000 58.3100 227.20
  0.0000000E+00  0.0000000E+00  8.6866442E+17  0.0000000E+00  0.0000000E+00  0.0000000E+00  9.0775464E+22  3.4355602E+23
   42.84528        227.51              3                        25.000 27.3650 227.90
  0.0000000E+00  0.0000000E+00  1.3022672E+18  0.0000000E+00  0.0000000E+00  0.0000000E+00  1.3608692E+23  5.1504531E+23
   20.28419        231.37              3                        30.000 13.1230 235.90
  0.0000000E+00  0.0000000E+00  6.0667245E+17  0.0000000E+00  0.0000000E+00  0.0000000E+00  6.3397267E+22  2.3993833E+23
    3         0      THE FOLLOWING CROSS-SECTIONS WERE SELECTED:
CCL4      F11       F12                                                OTHER    
 1 68    3  1.000000 Atmospheric lay H1=   0.018 H2=  30.000 ANG=   0.000 LEN= 0
   1010.975        273.35              3   0.018 1013.63 273.60  0.060 1008.32 273.10
  1.2429911E+13  3.1305031E+13  5.6547456E+13  0.0000000E+00  0.0000000E+00  0.0000000E+00  0.0000000E+00  8.8977951E+22
   1005.797        272.90              3                         0.100 1003.28 272.70
  1.1810586E+13  2.9745297E+13  5.3729743E+13  0.0000000E+00  0.0000000E+00  0.0000000E+00  0.0000000E+00  8.4544500E+22
   1000.146        272.50              3                         0.150 997.012 272.30
  1.4630034E+13  3.6846441E+13  6.6556554E+13  0.0000000E+00  0.0000000E+00  0.0000000E+00  0.0000000E+00  1.0472739E+23
   993.8913        272.10              3                         0.200 990.770 271.90
  1.4702653E+13  3.7029501E+13  6.6887132E+13  0.0000000E+00  0.0000000E+00  0.0000000E+00  0.0000000E+00  1.0524686E+23
   987.6626        271.80              3                         0.250 984.564 271.70
  1.4484677E+13  3.6480353E+13  6.5895100E+13  0.0000000E+00  0.0000000E+00  0.0000000E+00  0.0000000E+00  1.0368619E+23
   981.4807        271.55              3                         0.300 978.388 271.40
  1.4407052E+13  3.6284534E+13  6.5541784E+13  0.0000000E+00  0.0000000E+00  0.0000000E+00  0.0000000E+00  1.0313153E+23
   975.3164        271.20              3                         0.350 972.244 271.00
  1.4475796E+13  3.6457817E+13  6.5854784E+13  0.0000000E+00  0.0000000E+00  0.0000000E+00  0.0000000E+00  1.0362187E+23
   971.6249        270.94              3                         0.360 971.017 270.90
  2.8028798E+12  7.0589035E+12  1.2750448E+13  0.0000000E+00  0.0000000E+00  0.0000000E+00  0.0000000E+00  2.0064057E+22
   970.4083        270.90              3                         0.370 969.791 270.90
  2.9397696E+12  7.4040381E+12  1.3374113E+13  0.0000000E+00  0.0000000E+00  0.0000000E+00  0.0000000E+00  2.1043749E+22
   969.1782        270.91              3                         0.380 968.571 270.90
  2.7962305E+12  7.0424419E+12  1.2721151E+13  0.0000000E+00  0.0000000E+00  0.0000000E+00  0.0000000E+00  2.0016134E+22
   967.9670        270.90              3                         0.390 967.352 270.90
  2.9323583E+12  7.3854401E+12  1.3340069E+13  0.0000000E+00  0.0000000E+00  0.0000000E+00  0.0000000E+00  2.0990699E+22
   966.7006        270.89              3                         0.400 966.133 270.90
  2.7891537E+12  7.0248290E+12  1.2688786E+13  0.0000000E+00  0.0000000E+00  0.0000000E+00  0.0000000E+00  1.9966716E+22
   963.1073        271.60              3                         0.450 960.078 272.30
  1.4273628E+13  3.5948901E+13  6.4935468E+13  0.0000000E+00  0.0000000E+00  0.0000000E+00  0.0000000E+00  1.0217500E+23
   957.0956        273.64              3                         0.500 954.103 275.00
  1.3941634E+13  3.5112637E+13  6.3424839E+13  0.0000000E+00  0.0000000E+00  0.0000000E+00  0.0000000E+00  9.9799579E+22
   952.9327        275.65              3                         0.520 951.744 276.30
  5.5389806E+12  1.3950346E+13  2.5198602E+13  0.0000000E+00  0.0000000E+00  0.0000000E+00  0.0000000E+00  3.9650353E+22
   948.8228        277.34              3                         0.570 945.898 278.40
  1.3636688E+13  3.4344528E+13  6.2037644E+13  0.0000000E+00  0.0000000E+00  0.0000000E+00  0.0000000E+00  9.7616702E+22
   943.0050        278.90              3                         0.620 940.112 279.40
  1.3609833E+13  3.4277071E+13  6.1915468E+13  0.0000000E+00  0.0000000E+00  0.0000000E+00  0.0000000E+00  9.7423398E+22
   934.4037        279.45              3                         0.720 928.692 279.50
  2.6787115E+13  6.7464826E+13  1.2186348E+14  0.0000000E+00  0.0000000E+00  0.0000000E+00  0.0000000E+00  1.9175203E+23
   925.2928        279.45              3                         0.780 921.895 279.40
  1.5786563E+13  3.9758605E+13  7.1817239E+13  0.0000000E+00  0.0000000E+00  0.0000000E+00  0.0000000E+00  1.1300357E+23
   920.2121        279.40              3                         0.810 918.528 279.40
  7.9799449E+12  2.0097922E+13  3.6303517E+13  0.0000000E+00  0.0000000E+00  0.0000000E+00  0.0000000E+00  5.7123104E+22
   915.7203        279.45              3                         0.860 912.915 279.50
  1.3062080E+13  3.2897424E+13  5.9423062E+13  0.0000000E+00  0.0000000E+00  0.0000000E+00  0.0000000E+00  9.3501628E+22
   909.5812        279.45              3                         0.920 906.251 279.40
  1.5645487E+13  3.9403955E+13  7.1175628E+13  0.0000000E+00  0.0000000E+00  0.0000000E+00  0.0000000E+00  1.1199613E+23
   896.3757        279.35              3                         1.100 886.505 279.30
  4.6270027E+13  1.1653344E+14  2.1049705E+14  0.0000000E+00  0.0000000E+00  0.0000000E+00  0.0000000E+00  3.3121759E+23
   878.4399        279.20              3                         1.250 870.374 279.10
  3.7745825E+13  9.5065326E+13  1.7171836E+14  0.0000000E+00  0.0000000E+00  0.0000000E+00  0.0000000E+00  2.7019913E+23
   862.4441        279.00              3                         1.400 854.520 278.90
  3.7085348E+13  9.3400984E+13  1.6871252E+14  0.0000000E+00  0.0000000E+00  0.0000000E+00  0.0000000E+00  2.6547061E+23
   844.1564        278.50              3                         1.600 833.803 278.10
  4.8563384E+13  1.2230936E+14  2.2093075E+14  0.0000000E+00  0.0000000E+00  0.0000000E+00  0.0000000E+00  3.4763386E+23
   823.6621        277.45              3                         1.800 813.535 276.80
  4.7447477E+13  1.1949893E+14  2.1585397E+14  0.0000000E+00  0.0000000E+00  0.0000000E+00  0.0000000E+00  3.3964725E+23
   803.5840        276.10              3                         2.000 793.651 275.40
  4.6631261E+13  1.1744335E+14  2.1214093E+14  0.0000000E+00  0.0000000E+00  0.0000000E+00  0.0000000E+00  3.3380378E+23
   783.8917        274.70              3                         2.200 774.148 274.00
  4.5720032E+13  1.1514846E+14  2.0799619E+14  0.0000000E+00  0.0000000E+00  0.0000000E+00  0.0000000E+00  3.2728224E+23
   764.5886        273.45              3                         2.400 755.040 272.90
  4.4688963E+13  1.1255125E+14  2.0330446E+14  0.0000000E+00  0.0000000E+00  0.0000000E+00  0.0000000E+00  3.1989872E+23
   745.6874        272.50              3                         2.600 736.343 272.10
  4.3843005E+13  1.1042086E+14  1.9945608E+14  0.0000000E+00  0.0000000E+00  0.0000000E+00  0.0000000E+00  3.1384346E+23
   727.1943        271.60              3                         2.800 718.056 271.10
  4.2792915E+13  1.0777619E+14  1.9467825E+14  0.0000000E+00  0.0000000E+00  0.0000000E+00  0.0000000E+00  3.0632526E+23
   709.1006        270.55              3                         3.000 700.159 270.00
  4.1992524E+13  1.0576013E+14  1.9103640E+14  0.0000000E+00  0.0000000E+00  0.0000000E+00  0.0000000E+00  3.0059757E+23
   691.3886        269.35              3                         3.200 682.631 268.70
  4.1125985E+13  1.0357823E+14  1.8709512E+14  0.0000000E+00  0.0000000E+00  0.0000000E+00  0.0000000E+00  2.9439377E+23
   665.5856        267.36              3                         3.600 648.599 266.00
  7.9665385E+13  2.0064096E+14  3.6242323E+14  0.0000000E+00  0.0000000E+00  0.0000000E+00  0.0000000E+00  5.7027320E+23
   640.3253        265.35              3                         3.800 632.064 264.70
  3.8568488E+13  9.7136281E+13  1.7545945E+14  0.0000000E+00  0.0000000E+00  0.0000000E+00  0.0000000E+00  2.7608584E+23
   624.0049        264.15              3                         4.000 615.958 263.60
  3.7848514E+13  9.5323486E+13  1.7218485E+14  0.0000000E+00  0.0000000E+00  0.0000000E+00  0.0000000E+00  2.7093205E+23
   608.0703        263.15              3                         4.200 600.191 262.70
  3.7021918E+13  9.3241693E+13  1.6842479E+14  0.0000000E+00  0.0000000E+00  0.0000000E+00  0.0000000E+00  2.6501555E+23
   592.4568        262.25              3                         4.400 584.731 261.80
  3.6106771E+13  9.0936856E+13  1.6426156E+14  0.0000000E+00  0.0000000E+00  0.0000000E+00  0.0000000E+00  2.5846556E+23
   573.4589        261.00              3                         4.700 562.211 260.20
  5.2799874E+13  1.3297916E+14  2.4020341E+14  0.0000000E+00  0.0000000E+00  0.0000000E+00  0.0000000E+00  3.7796006E+23
   551.3018        259.30              3                         5.000 540.418 258.40
  5.1009599E+13  1.2847037E+14  2.3205889E+14  0.0000000E+00  0.0000000E+00  0.0000000E+00  0.0000000E+00  3.6514343E+23
   529.8533        257.40              3                         5.300 519.316 256.40
  4.9386789E+13  1.2438307E+14  2.2467655E+14  0.0000000E+00  0.0000000E+00  0.0000000E+00  0.0000000E+00  3.5352897E+23
   509.0798        255.30              3                         5.600 498.873 254.20
  4.7918761E+13  1.2068590E+14  2.1799850E+14  0.0000000E+00  0.0000000E+00  0.0000000E+00  0.0000000E+00  3.4301962E+23
   488.9538        253.05              3                         5.900 479.065 251.90
  4.6358036E+13  1.1675552E+14  2.1089830E+14  0.0000000E+00  0.0000000E+00  0.0000000E+00  0.0000000E+00  3.3184756E+23
   469.4540        250.75              3                         6.200 459.872 249.60
  4.4990567E+13  1.1331086E+14  2.0467584E+14  0.0000000E+00  0.0000000E+00  0.0000000E+00  0.0000000E+00  3.2205810E+23
   450.5629        248.45              3                         6.500 441.282 247.30
  4.3508891E+13  1.0957931E+14  1.9793587E+14  0.0000000E+00  0.0000000E+00  0.0000000E+00  0.0000000E+00  3.1145162E+23
   432.2694        246.20              3                         6.800 423.284 245.10
  4.2123735E+13  1.0609083E+14  1.9163466E+14  0.0000000E+00  0.0000000E+00  0.0000000E+00  0.0000000E+00  3.0153664E+23
   414.5641        244.00              3                         7.100 405.871 242.90
  4.0829050E+13  1.0282986E+14  1.8574438E+14  0.0000000E+00  0.0000000E+00  0.0000000E+00  0.0000000E+00  2.9226744E+23
   397.4396        241.85              3                         7.400 389.032 240.80
  3.9425963E+13  9.9296280E+13  1.7936137E+14  0.0000000E+00  0.0000000E+00  0.0000000E+00  0.0000000E+00  2.8222438E+23
   380.8806        239.75              3                         7.700 372.753 238.70
  3.8176370E+13  9.6148967E+13  1.7367655E+14  0.0000000E+00  0.0000000E+00  0.0000000E+00  0.0000000E+00  2.7327911E+23
   364.8712        237.55              3                         8.000 357.015 236.40
  3.6850295E+13  9.2809487E+13  1.6764395E+14  0.0000000E+00  0.0000000E+00  0.0000000E+00  0.0000000E+00  2.6378756E+23
   346.8839        234.81              3                         8.400 336.799 233.20
  4.7272558E+13  1.1905838E+14  2.1505822E+14  0.0000000E+00  0.0000000E+00  0.0000000E+00  0.0000000E+00  3.3839392E+23
   327.1411        231.41              3                         8.800 317.533 229.60
  4.5237267E+13  1.1393232E+14  2.0579874E+14  0.0000000E+00  0.0000000E+00  0.0000000E+00  0.0000000E+00  3.2382416E+23
   308.2624        227.86              3                         9.200 299.039 226.10
  4.3343111E+13  1.0916198E+14  1.9718192E+14  0.0000000E+00  0.0000000E+00  0.0000000E+00  0.0000000E+00  3.1026588E+23
   290.1924        224.46              3                         9.600 281.389 222.80
  4.1369561E+13  1.0419139E+14  1.8820322E+14  0.0000000E+00  0.0000000E+00  0.0000000E+00  0.0000000E+00  2.9613762E+23
   272.9523        221.21              3                        10.000 264.556 219.60
  3.9483148E+13  9.9440472E+13  1.7962176E+14  0.0000000E+00  0.0000000E+00  0.0000000E+00  0.0000000E+00  2.8263395E+23
   254.5648        217.96              3                        10.500 244.624 216.30
  4.6718146E+13  1.1766187E+14  2.1253567E+14  0.0000000E+00  0.0000000E+00  0.0000000E+00  0.0000000E+00  3.3442419E+23
   235.2737        215.31              3                        11.000 225.952 214.30
  4.3707391E+13  1.1007933E+14  1.9883910E+14  0.0000000E+00  0.0000000E+00  0.0000000E+00  0.0000000E+00  3.1287368E+23
   217.3588        215.43              3                        11.500 208.735 216.60
  4.0351557E+13  1.0162751E+14  1.8357220E+14  0.0000000E+00  0.0000000E+00  0.0000000E+00  0.0000000E+00  2.8885076E+23
   200.9368        218.56              3                        12.000 193.091 220.60
  3.6767386E+13  9.2600485E+13  1.6726666E+14  0.0000000E+00  0.0000000E+00  0.0000000E+00  0.0000000E+00  2.6319386E+23
   185.9521        222.03              3                        12.500 178.782 223.50
  3.3496257E+13  8.4362075E+13  1.5238522E+14  0.0000000E+00  0.0000000E+00  0.0000000E+00  0.0000000E+00  2.3977844E+23
   172.2463        223.89              3                        13.000 165.703 224.30
  3.0770662E+13  7.7497467E+13  1.3998559E+14  0.0000000E+00  0.0000000E+00  0.0000000E+00  0.0000000E+00  2.2026715E+23
   154.0362        224.59              3                        14.000 142.359 224.90
  5.4784619E+13  1.3797789E+14  2.4923276E+14  0.0000000E+00  0.0000000E+00  0.0000000E+00  0.0000000E+00  3.9216776E+23
   132.3605        225.09              3                        15.000 122.356 225.30
  4.6971327E+13  1.1829972E+14  2.1368761E+14  0.0000000E+00  0.0000000E+00  0.0000000E+00  0.0000000E+00  3.3623738E+23
   100.5637        225.85              3                        18.000 78.7330 226.50
  1.0518958E+14  2.6492538E+14  4.7854110E+14  0.0000000E+00  0.0000000E+00  0.0000000E+00  0.0000000E+00  7.5298413E+23
   68.52673        226.83              3                        20.000 58.3100 227.20
  4.7993722E+13  1.2087468E+14  2.1833887E+14  0.0000000E+00  0.0000000E+00  0.0000000E+00  0.0000000E+00  3.4355602E+23
   42.84528        227.51              3                        25.000 27.3650 227.90
  7.1950257E+13  1.8121046E+14  3.2732483E+14  0.0000000E+00  0.0000000E+00  0.0000000E+00  0.0000000E+00  5.1504531E+23
   20.28419        231.37              3                        30.000 13.1230 235.90
  3.3518648E+13  8.4418471E+13  1.5248711E+14  0.0000000E+00  0.0000000E+00  0.0000000E+00  0.0000000E+00  2.3993833E+23
