$    1  LBLRTM run for TCWret                                                  LBLRTM 
 1 68    7  1.000000 Atmospheric lay H1=    0.02 H2=   30.00 ANG=   0.000 LEN= 0
   1010.975        273.35              3   0.018 1013.63 273.60  0.060 1008.32 273.10
  6.6668615E+20  4.5847119E+19  2.7205955E+15  1.6750840E+16  1.9009652E+17  3.4664533E+16  2.3370399E+22  8.8404697E+22
   1005.797        272.90              3                         0.100 1003.28 272.70
  6.2835327E+20  4.3563746E+19  2.6079949E+15  1.5895567E+16  1.8063231E+17  3.2938592E+16  2.2207126E+22  8.4004050E+22
   1000.146        272.50              3                         0.150 997.012 272.30
  7.7477915E+20  5.3965333E+19  3.2615939E+15  1.9657894E+16  2.2375867E+17  4.0802645E+16  2.7508838E+22  1.0406118E+23
   993.8913        272.10              3                         0.200 990.770 271.90
  7.6603225E+20  5.4237506E+19  3.3131235E+15  1.9724429E+16  2.2488865E+17  4.1009159E+16  2.7648292E+22  1.0458691E+23
   987.6626        271.80              3                         0.250 984.564 271.70
  7.3759673E+20  5.3441776E+19  3.2990178E+15  1.9401855E+16  2.2158616E+17  4.0407486E+16  2.7242234E+22  1.0304908E+23
   981.4807        271.55              3                         0.300 978.388 271.40
  7.1877478E+20  5.3161282E+19  3.3154342E+15  1.9268076E+16  2.2042714E+17  4.0195113E+16  2.7099321E+22  1.0250949E+23
   975.3164        271.20              3                         0.350 972.244 271.00
  7.0488237E+20  5.3421303E+19  3.3661535E+15  1.9329554E+16  2.2150450E+17  4.0392003E+16  2.7231943E+22  1.0301114E+23
   971.6249        270.94              3                         0.360 971.017 270.90
  1.3426984E+20  1.0344826E+19  6.5588224E+14  3.7391118E+15  4.2892524E+16  7.8215778E+15  5.2732074E+21  1.9947445E+22
   970.4083        270.90              3                         0.370 969.791 270.90
  1.4045088E+20  1.0850090E+19  6.8925467E+14  3.9219561E+15  4.4987592E+16  8.2038079E+15  5.5309760E+21  2.0921670E+22
   969.1782        270.91              3                         0.380 968.571 270.90
  1.3328939E+20  1.0320371E+19  6.5699866E+14  3.7291894E+15  4.2793401E+16  7.8033988E+15  5.2608990E+21  1.9900542E+22
   967.9670        270.90              3                         0.390 967.352 270.90
  1.3897201E+20  1.0823633E+19  6.9045277E+14  3.9082364E+15  4.4876743E+16  8.1833429E+15  5.5173537E+21  2.0869807E+22
   966.7006        270.89              3                         0.400 966.133 270.90
  1.3138337E+20  1.0295556E+19  6.5803160E+14  3.7162545E+15  4.2688307E+16  7.7841966E+15  5.2481691E+21  1.9852340E+22
   963.1073        271.60              3                         0.450 960.078 272.30
  6.7171857E+20  5.2685470E+19  3.3878807E+15  1.8998818E+16  2.1845300E+17  3.9835336E+16  2.6856642E+22  1.0159117E+23
   957.0956        273.64              3                         0.500 954.103 275.00
  6.5849192E+20  5.1459246E+19  3.3422185E+15  1.8525388E+16  2.1336748E+17  3.8908177E+16  2.6231693E+22  9.9227063E+22
   952.9327        275.65              3                         0.520 951.744 276.30
  2.6162900E+20  2.0444873E+19  1.3371530E+15  7.3526807E+15  8.4771144E+16  1.5458397E+16  1.0421986E+22  3.9422863E+22
   948.8228        277.34              3                         0.570 945.898 278.40
  6.3049374E+20  5.0339271E+19  3.3149621E+15  1.8085334E+16  2.0872363E+17  3.8061352E+16  2.5660763E+22  9.7067398E+22
   943.0050        278.90              3                         0.620 940.112 279.40
  6.0460853E+20  5.0249784E+19  3.3483232E+15  1.8022565E+16  2.0835415E+17  3.7994247E+16  2.5615295E+22  9.6895126E+22
   934.4037        279.45              3                         0.720 928.692 279.50
  1.1147769E+21  9.8933326E+19  6.6730214E+15  3.5387140E+16  4.1021140E+17  7.4803264E+16  5.0431818E+22  1.9077187E+23
   925.2928        279.45              3                         0.780 921.895 279.40
  6.0698791E+20  5.8325107E+19  3.9945045E+15  2.0804811E+16  2.4183762E+17  4.4099105E+16  2.9731558E+22  1.1246548E+23
   920.2121        279.40              3                         0.810 918.528 279.40
  2.9170501E+20  2.9489027E+19  2.0368713E+15  1.0500989E+16  1.2227286E+17  2.2296745E+16  1.5032426E+22  5.6862787E+22
   915.7203        279.45              3                         0.860 912.915 279.50
  4.5695348E+20  4.8277453E+19  3.3593556E+15  1.7168054E+16  2.0017200E+17  3.6502266E+16  2.4609727E+22  9.3092097E+22
   909.5812        279.45              3                         0.920 906.251 279.40
  5.1443774E+20  5.7840187E+19  4.0656823E+15  2.0533322E+16  2.3982587E+17  4.3733311E+16  2.9484520E+22  1.1153129E+23
   896.3757        279.35              3                         1.100 886.505 279.30
  1.3816194E+21  1.7111291E+20  1.2272767E+16  6.0495289E+16  7.0949135E+17  1.2937835E+17  8.7226195E+22  3.2995388E+23
   878.4399        279.20              3                         1.250 870.374 279.10
  1.0553441E+21  1.3962107E+20  1.0273196E+16  4.9071874E+16  5.7891445E+17  1.0556688E+17  7.1172754E+22  2.6922383E+23
   862.4441        279.00              3                         1.400 854.520 278.90
  1.0660643E+21  1.3716540E+20  1.0313257E+16  4.7957665E+16  5.6873390E+17  1.0371014E+17  6.9920978E+22  2.6448965E+23
   844.1564        278.50              3                         1.600 833.803 278.10
  1.6304400E+21  1.7951813E+20  1.3832167E+16  6.2372155E+16  7.4434346E+17  1.3573322E+17  9.1510460E+22  3.4616634E+23
   823.6621        277.45              3                         1.800 813.535 276.80
  1.9978141E+21  1.7522841E+20  1.3875727E+16  6.0432793E+16  7.2655976E+17  1.3249003E+17  8.9324044E+22  3.3789269E+23
   803.5840        276.10              3                         2.000 793.651 275.40
  2.1883649E+21  1.7212279E+20  1.3999405E+16  5.8942323E+16  7.1368317E+17  1.3014220E+17  8.7741110E+22  3.3190066E+23
   783.8917        274.70              3                         2.200 774.148 274.00
  2.0362504E+21  1.6880568E+20  1.4120329E+16  5.7394069E+16  6.9992409E+17  1.2763330E+17  8.6049765E+22  3.2550285E+23
   764.5886        273.45              3                         2.400 755.040 272.90
  1.7533332E+21  1.6509399E+20  1.4218533E+16  5.5730194E+16  6.8453443E+17  1.2482737E+17  8.4157595E+22  3.1834732E+23
   745.6874        272.50              3                         2.600 736.343 272.10
  1.5430686E+21  1.6204224E+20  1.4356898E+16  5.4304523E+16  6.7188421E+17  1.2251998E+17  8.2602169E+22  3.1246090E+23
   727.1943        271.60              3                         2.800 718.056 271.10
  1.4039420E+21  1.5820248E+20  1.4408422E+16  5.2631994E+16  6.5596376E+17  1.1961681E+17  8.0644887E+22  3.0505676E+23
   709.1006        270.55              3                         3.000 700.159 270.00
  1.2942649E+21  1.5527840E+20  1.4526864E+16  5.1280239E+16  6.4383656E+17  1.1740562E+17  7.9154105E+22  2.9941824E+23
   691.3886        269.35              3                         3.200 682.631 268.70
  1.1765848E+21  1.5211121E+20  1.4637952E+16  4.9918713E+16  6.3052065E+17  1.1493703E+17  7.7539682E+22  2.9331119E+23
   665.5856        267.36              3                         3.600 648.599 266.00
  1.9176913E+21  2.9479963E+20  2.9635341E+16  9.5956416E+16  1.2212652E+18  2.2228789E+17  1.5027592E+23  5.6846387E+23
   640.3253        265.35              3                         3.800 632.064 264.70
  7.3013117E+20  1.4280317E+20  1.4978887E+16  4.6080597E+16  5.9141562E+17  1.0745134E+17  7.2794959E+22  2.7536640E+23
   624.0049        264.15              3                         4.000 615.958 263.60
  5.5953045E+20  1.4020213E+20  1.5109507E+16  4.4984714E+16  5.8047067E+17  1.0535652E+17  7.1468825E+22  2.7035006E+23
   608.0703        263.15              3                         4.200 600.191 262.70
  4.0501621E+20  1.3719856E+20  1.5266403E+16  4.3870389E+16  5.6753653E+17  1.0284973E+17  6.9937781E+22  2.6455899E+23
   592.4568        262.25              3                         4.400 584.731 261.80
  2.8778484E+20  1.3385217E+20  1.5449208E+16  4.2734727E+16  5.5304019E+17  9.9981410E+16  6.8232151E+22  2.5810421E+23
   573.4589        261.00              3                         4.700 562.211 260.20
  3.1092092E+20  1.9578059E+20  2.3607024E+16  6.2411364E+16  8.0771870E+17  1.4557232E+17  9.9800299E+22  3.7751881E+23
   551.3018        259.30              3                         5.000 540.418 258.40
  2.4461389E+20  1.8916582E+20  2.3986078E+16  6.0187262E+16  7.7904199E+17  1.3989184E+17  9.6428454E+22  3.6476087E+23
   529.8533        257.40              3                         5.300 519.316 256.40
  2.1445973E+20  1.8315721E+20  2.4616485E+16  5.8097108E+16  7.5273652E+17  1.3431047E+17  9.3365484E+22  3.5317585E+23
   509.0798        255.30              3                         5.600 498.873 254.20
  1.9257302E+20  1.7771975E+20  2.5494363E+16  5.6177025E+16  7.2843786E+17  1.2878393E+17  9.0593482E+22  3.4268952E+23
   488.9538        253.05              3                         5.900 479.065 251.90
  1.7192488E+20  1.7193691E+20  2.6219148E+16  5.4181506E+16  7.0263940E+17  1.2310496E+17  8.7645876E+22  3.3153955E+23
   469.4540        250.75              3                         6.200 459.872 249.60
  1.5934068E+20  1.6686799E+20  2.6930540E+16  5.2299662E+16  6.7968737E+17  1.1817312E+17  8.5061945E+22  3.2176504E+23
   450.5629        248.45              3                         6.500 441.282 247.30
  1.6356801E+20  1.6136843E+20  2.7443016E+16  5.0143361E+16  6.5492534E+17  1.1321555E+17  8.2258770E+22  3.1116065E+23
   432.2694        246.20              3                         6.800 423.284 245.10
  1.7397115E+20  1.5622477E+20  2.7909473E+16  4.8068737E+16  6.3157357E+17  1.0865436E+17  7.9636603E+22  3.0124279E+23
   414.5641        244.00              3                         7.100 405.871 242.90
  1.6541670E+20  1.5142400E+20  2.8389852E+16  4.6092915E+16  6.0957997E+17  1.0442919E+17  7.7189338E+22  2.9198539E+23
   397.4396        241.85              3                         7.400 389.032 240.80
  1.3518883E+20  1.4623074E+20  2.8814936E+16  4.3923789E+16  5.8635457E+17  1.0009860E+17  7.4542212E+22  2.8197127E+23
   380.8806        239.75              3                         7.700 372.753 238.70
  1.0492449E+20  1.4160660E+20  2.9328633E+16  4.1895748E+16  5.6573931E+17  9.6276331E+16  7.2184681E+22  2.7305474E+23
   364.8712        237.55              3                         8.000 357.015 236.40
  8.2553532E+19  1.3669569E+20  2.9688781E+16  3.9826132E+16  5.4412058E+17  9.2304396E+16  6.9681445E+22  2.6358554E+23
   346.8839        234.81              3                         8.400 336.799 233.20
  8.6554013E+19  1.7536486E+20  4.3157940E+16  4.9916685E+16  6.9548076E+17  1.1754020E+17  8.9393273E+22  3.3815015E+23
   327.1411        231.41              3                         8.800 317.533 229.60
  7.0992796E+19  1.6781939E+20  4.9647451E+16  4.6274476E+16  6.6330341E+17  1.1156160E+17  8.5547046E+22  3.2360010E+23
   308.2624        227.86              3                         9.200 299.039 226.10
  6.0284780E+19  1.6079613E+20  5.5416086E+16  4.2867111E+16  6.3260828E+17  1.0602994E+17  8.1966783E+22  3.1005723E+23
   290.1924        224.46              3                         9.600 281.389 222.80
  4.6784110E+19  1.5347844E+20  6.0097798E+16  3.9475053E+16  5.9914471E+17  1.0041868E+17  7.8236497E+22  2.9594726E+23
   272.9523        221.21              3                        10.000 264.556 219.60
  3.2345253E+19  1.4648500E+20  6.4082643E+16  3.6286452E+16  5.6666304E+17  9.5092698E+16  7.4671614E+22  2.8246204E+23
   254.5648        217.96              3                        10.500 244.624 216.30
  2.6686251E+19  1.7333180E+20  9.1486763E+16  4.1062722E+16  6.6355781E+17  1.1155029E+17  8.8356914E+22  3.3422996E+23
   235.2737        215.31              3                        11.000 225.952 214.30
  1.7630185E+19  1.6216533E+20  1.0862810E+17  3.6444305E+16  6.1349402E+17  1.0335584E+17  8.2664769E+22  3.1269739E+23
   217.3588        215.43              3                        11.500 208.735 216.60
  1.1244999E+19  1.4971608E+20  1.2056246E+17  3.1687320E+16  5.5983466E+17  9.4491608E+16  7.6318675E+22  2.8869209E+23
   200.9368        218.56              3                        12.000 193.091 220.60
  6.4814963E+18  1.3641924E+20  1.2734581E+17  2.6960128E+16  5.0412787E+17  8.5251596E+16  6.9540537E+22  2.6305221E+23
   185.9521        222.03              3                        12.500 178.782 223.50
  2.9752526E+18  1.2428363E+20  1.3088412E+17  2.2594154E+16  4.5397193E+17  7.6849240E+16  6.3354302E+22  2.3965170E+23
   172.2463        223.89              3                        13.000 165.703 224.30
  1.5112081E+18  1.1417104E+20  1.3278507E+17  1.8747300E+16  4.1215774E+17  6.9829588E+16  5.8199360E+22  2.2015175E+23
   154.0362        224.59              3                        14.000 142.359 224.90
  2.3769715E+18  2.0327227E+20  2.7129255E+17  2.8210973E+16  7.2032649E+17  1.2216961E+17  1.0361928E+23  3.9196247E+23
   132.3605        225.09              3                        15.000 122.356 225.30
  1.9203219E+18  1.7428193E+20  2.7520807E+17  1.9021817E+16  6.0019103E+17  1.0179700E+17  8.8841321E+22  3.3606141E+23
   100.5637        225.85              3                        18.000 78.7330 226.50
  4.0382671E+18  3.9029447E+20  9.0172323E+17  2.7729365E+16  1.2506427E+18  2.0970946E+17  1.9895500E+23  7.5259012E+23
   68.52673        226.83              3                        20.000 58.3100 227.20
  1.8790255E+18  1.7807550E+20  7.1581210E+17  7.1400916E+15  5.0086122E+17  7.8293930E+16  9.0775058E+22  3.4337602E+23
   42.84528        227.51              3                        25.000 27.3650 227.90
  2.9936455E+18  2.6696359E+20  1.9542846E+18  9.1641159E+15  5.9937609E+17  8.0246843E+16  1.3608630E+23  5.1477462E+23
   20.28419        231.37              3                        30.000 13.1230 235.90
  1.5549544E+18  1.2436721E+20  1.5168225E+18  4.9615307E+15  2.1271253E+17  2.2587819E+16  6.3396947E+22  2.3981158E+23
    3         0      THE FOLLOWING CROSS-SECTIONS WERE SELECTED:
CCL4      F11       F12                                                OTHER    
 1 68    3  1.000000 Atmospheric lay H1=   0.018 H2=  30.000 ANG=   0.000 LEN= 0
   1010.975        273.35              3   0.018 1013.63 273.60  0.060 1008.32 273.10
  1.2356181E+13  3.1119649E+13  5.6211983E+13  0.0000000E+00  0.0000000E+00  0.0000000E+00  0.0000000E+00  8.8404697E+22
   1005.797        272.90              3                         0.100 1003.28 272.70
  1.1741067E+13  2.9570749E+13  5.3414222E+13  0.0000000E+00  0.0000000E+00  0.0000000E+00  0.0000000E+00  8.4004050E+22
   1000.146        272.50              3                         0.150 997.012 272.30
  1.4544144E+13  3.6630149E+13  6.6165762E+13  0.0000000E+00  0.0000000E+00  0.0000000E+00  0.0000000E+00  1.0406118E+23
   993.8913        272.10              3                         0.200 990.770 271.90
  1.4617711E+13  3.6815713E+13  6.6501025E+13  0.0000000E+00  0.0000000E+00  0.0000000E+00  0.0000000E+00  1.0458691E+23
   987.6626        271.80              3                         0.250 984.564 271.70
  1.4403331E+13  3.6274920E+13  6.5525284E+13  0.0000000E+00  0.0000000E+00  0.0000000E+00  0.0000000E+00  1.0304908E+23
   981.4807        271.55              3                         0.300 978.388 271.40
  1.4327715E+13  3.6085011E+13  6.5181502E+13  0.0000000E+00  0.0000000E+00  0.0000000E+00  0.0000000E+00  1.0250949E+23
   975.3164        271.20              3                         0.350 972.244 271.00
  1.4397763E+13  3.6261599E+13  6.5500214E+13  0.0000000E+00  0.0000000E+00  0.0000000E+00  0.0000000E+00  1.0301114E+23
   971.6249        270.94              3                         0.360 971.017 270.90
  2.7879300E+12  7.0216901E+12  1.2683555E+13  0.0000000E+00  0.0000000E+00  0.0000000E+00  0.0000000E+00  1.9947445E+22
   970.4083        270.90              3                         0.370 969.791 270.90
  2.9242145E+12  7.3647800E+12  1.3303478E+13  0.0000000E+00  0.0000000E+00  0.0000000E+00  0.0000000E+00  2.0921670E+22
   969.1782        270.91              3                         0.380 968.571 270.90
  2.7814768E+12  7.0055169E+12  1.2654035E+13  0.0000000E+00  0.0000000E+00  0.0000000E+00  0.0000000E+00  1.9900542E+22
   967.9670        270.90              3                         0.390 967.352 270.90
  2.9170283E+12  7.3467245E+12  1.3270693E+13  0.0000000E+00  0.0000000E+00  0.0000000E+00  0.0000000E+00  2.0869807E+22
   966.7006        270.89              3                         0.400 966.133 270.90
  2.7746828E+12  6.9881802E+12  1.2622996E+13  0.0000000E+00  0.0000000E+00  0.0000000E+00  0.0000000E+00  1.9852340E+22
   963.1073        271.60              3                         0.450 960.078 272.30
  1.4199431E+13  3.5761848E+13  6.4597738E+13  0.0000000E+00  0.0000000E+00  0.0000000E+00  0.0000000E+00  1.0159117E+23
   957.0956        273.64              3                         0.500 954.103 275.00
  1.3868872E+13  3.4929482E+13  6.3094143E+13  0.0000000E+00  0.0000000E+00  0.0000000E+00  0.0000000E+00  9.9227063E+22
   952.9327        275.65              3                         0.520 951.744 276.30
  5.5101909E+12  1.3877634E+13  2.5067551E+13  0.0000000E+00  0.0000000E+00  0.0000000E+00  0.0000000E+00  3.9422863E+22
   948.8228        277.34              3                         0.570 945.898 278.40
  1.3567018E+13  3.4169248E+13  6.1720823E+13  0.0000000E+00  0.0000000E+00  0.0000000E+00  0.0000000E+00  9.7067398E+22
   943.0050        278.90              3                         0.620 940.112 279.40
  1.3542979E+13  3.4108802E+13  6.1611365E+13  0.0000000E+00  0.0000000E+00  0.0000000E+00  0.0000000E+00  9.6895126E+22
   934.4037        279.45              3                         0.720 928.692 279.50
  2.6663669E+13  6.7154108E+13  1.2130208E+14  0.0000000E+00  0.0000000E+00  0.0000000E+00  0.0000000E+00  1.9077187E+23
   925.2928        279.45              3                         0.780 921.895 279.40
  1.5719467E+13  3.9590241E+13  7.1511977E+13  0.0000000E+00  0.0000000E+00  0.0000000E+00  0.0000000E+00  1.1246548E+23
   920.2121        279.40              3                         0.810 918.528 279.40
  7.9476697E+12  2.0016729E+13  3.6156792E+13  0.0000000E+00  0.0000000E+00  0.0000000E+00  0.0000000E+00  5.6862787E+22
   915.7203        279.45              3                         0.860 912.915 279.50
  1.3011200E+13  3.2770026E+13  5.9193063E+13  0.0000000E+00  0.0000000E+00  0.0000000E+00  0.0000000E+00  9.3092097E+22
   909.5812        279.45              3                         0.920 906.251 279.40
  1.5588694E+13  3.9260963E+13  7.0917795E+13  0.0000000E+00  0.0000000E+00  0.0000000E+00  0.0000000E+00  1.1153129E+23
   896.3757        279.35              3                         1.100 886.505 279.30
  4.6116972E+13  1.1614798E+14  2.0980103E+14  0.0000000E+00  0.0000000E+00  0.0000000E+00  0.0000000E+00  3.2995388E+23
   878.4399        279.20              3                         1.250 870.374 279.10
  3.7629337E+13  9.4772052E+13  1.7118829E+14  0.0000000E+00  0.0000000E+00  0.0000000E+00  0.0000000E+00  2.6922383E+23
   862.4441        279.00              3                         1.400 854.520 278.90
  3.6967580E+13  9.3104774E+13  1.6817807E+14  0.0000000E+00  0.0000000E+00  0.0000000E+00  0.0000000E+00  2.6448965E+23
   844.1564        278.50              3                         1.600 833.803 278.10
  4.8382370E+13  1.2185336E+14  2.2010654E+14  0.0000000E+00  0.0000000E+00  0.0000000E+00  0.0000000E+00  3.4616634E+23
   823.6621        277.45              3                         1.800 813.535 276.80
  4.7226127E+13  1.1894166E+14  2.1484695E+14  0.0000000E+00  0.0000000E+00  0.0000000E+00  0.0000000E+00  3.3789269E+23
   803.5840        276.10              3                         2.000 793.651 275.40
  4.6389434E+13  1.1683392E+14  2.1103948E+14  0.0000000E+00  0.0000000E+00  0.0000000E+00  0.0000000E+00  3.3190066E+23
   783.8917        274.70              3                         2.200 774.148 274.00
  4.5495041E+13  1.1458219E+14  2.0697233E+14  0.0000000E+00  0.0000000E+00  0.0000000E+00  0.0000000E+00  3.2550285E+23
   764.5886        273.45              3                         2.400 755.040 272.90
  4.4494871E+13  1.1206261E+14  2.0242122E+14  0.0000000E+00  0.0000000E+00  0.0000000E+00  0.0000000E+00  3.1834732E+23
   745.6874        272.50              3                         2.600 736.343 272.10
  4.3672440E+13  1.0999137E+14  1.9867960E+14  0.0000000E+00  0.0000000E+00  0.0000000E+00  0.0000000E+00  3.1246090E+23
   727.1943        271.60              3                         2.800 718.056 271.10
  4.2637592E+13  1.0738508E+14  1.9397138E+14  0.0000000E+00  0.0000000E+00  0.0000000E+00  0.0000000E+00  3.0505676E+23
   709.1006        270.55              3                         3.000 700.159 270.00
  4.1849385E+13  1.0540000E+14  1.9038657E+14  0.0000000E+00  0.0000000E+00  0.0000000E+00  0.0000000E+00  2.9941824E+23
   691.3886        269.35              3                         3.200 682.631 268.70
  4.0995907E+13  1.0325019E+14  1.8650328E+14  0.0000000E+00  0.0000000E+00  0.0000000E+00  0.0000000E+00  2.9331119E+23
   665.5856        267.36              3                         3.600 648.599 266.00
  7.9452097E+13  2.0010397E+14  3.6145247E+14  0.0000000E+00  0.0000000E+00  0.0000000E+00  0.0000000E+00  5.6846387E+23
   640.3253        265.35              3                         3.800 632.064 264.70
  3.8487336E+13  9.6931934E+13  1.7509119E+14  0.0000000E+00  0.0000000E+00  0.0000000E+00  0.0000000E+00  2.7536640E+23
   624.0049        264.15              3                         4.000 615.958 263.60
  3.7786208E+13  9.5166401E+13  1.7190159E+14  0.0000000E+00  0.0000000E+00  0.0000000E+00  0.0000000E+00  2.7035006E+23
   608.0703        263.15              3                         4.200 600.191 262.70
  3.6976737E+13  9.3127960E+13  1.6821890E+14  0.0000000E+00  0.0000000E+00  0.0000000E+00  0.0000000E+00  2.6455899E+23
   592.4568        262.25              3                         4.400 584.731 261.80
  3.6074869E+13  9.0856216E+13  1.6411609E+14  0.0000000E+00  0.0000000E+00  0.0000000E+00  0.0000000E+00  2.5810421E+23
   573.4589        261.00              3                         4.700 562.211 260.20
  5.2765322E+13  1.3289208E+14  2.4004621E+14  0.0000000E+00  0.0000000E+00  0.0000000E+00  0.0000000E+00  3.7751881E+23
   551.3018        259.30              3                         5.000 540.418 258.40
  5.0982549E+13  1.2840210E+14  2.3193567E+14  0.0000000E+00  0.0000000E+00  0.0000000E+00  0.0000000E+00  3.6476087E+23
   529.8533        257.40              3                         5.300 519.316 256.40
  4.9363150E+13  1.2432372E+14  2.2456914E+14  0.0000000E+00  0.0000000E+00  0.0000000E+00  0.0000000E+00  3.5317585E+23
   509.0798        255.30              3                         5.600 498.873 254.20
  4.7897589E+13  1.2063266E+14  2.1790161E+14  0.0000000E+00  0.0000000E+00  0.0000000E+00  0.0000000E+00  3.4268952E+23
   488.9538        253.05              3                         5.900 479.065 251.90
  4.6339195E+13  1.1670748E+14  2.1081157E+14  0.0000000E+00  0.0000000E+00  0.0000000E+00  0.0000000E+00  3.3153955E+23
   469.4540        250.75              3                         6.200 459.872 249.60
  4.4972804E+13  1.1326653E+14  2.0459598E+14  0.0000000E+00  0.0000000E+00  0.0000000E+00  0.0000000E+00  3.2176504E+23
   450.5629        248.45              3                         6.500 441.282 247.30
  4.3490780E+13  1.0953378E+14  1.9785399E+14  0.0000000E+00  0.0000000E+00  0.0000000E+00  0.0000000E+00  3.1116065E+23
   432.2694        246.20              3                         6.800 423.284 245.10
  4.2104596E+13  1.0604263E+14  1.9154734E+14  0.0000000E+00  0.0000000E+00  0.0000000E+00  0.0000000E+00  3.0124279E+23
   414.5641        244.00              3                         7.100 405.871 242.90
  4.0810632E+13  1.0278366E+14  1.8566063E+14  0.0000000E+00  0.0000000E+00  0.0000000E+00  0.0000000E+00  2.9198539E+23
   397.4396        241.85              3                         7.400 389.032 240.80
  3.9410985E+13  9.9258749E+13  1.7929319E+14  0.0000000E+00  0.0000000E+00  0.0000000E+00  0.0000000E+00  2.8197127E+23
   380.8806        239.75              3                         7.700 372.753 238.70
  3.8164702E+13  9.6119648E+13  1.7362362E+14  0.0000000E+00  0.0000000E+00  0.0000000E+00  0.0000000E+00  2.7305474E+23
   364.8712        237.55              3                         8.000 357.015 236.40
  3.6841139E+13  9.2786452E+13  1.6760236E+14  0.0000000E+00  0.0000000E+00  0.0000000E+00  0.0000000E+00  2.6358554E+23
   346.8839        234.81              3                         8.400 336.799 233.20
  4.7262982E+13  1.1903435E+14  2.1501445E+14  0.0000000E+00  0.0000000E+00  0.0000000E+00  0.0000000E+00  3.3815015E+23
   327.1411        231.41              3                         8.800 317.533 229.60
  4.5229390E+13  1.1391252E+14  2.0576316E+14  0.0000000E+00  0.0000000E+00  0.0000000E+00  0.0000000E+00  3.2360010E+23
   308.2624        227.86              3                         9.200 299.039 226.10
  4.3336522E+13  1.0914528E+14  1.9715160E+14  0.0000000E+00  0.0000000E+00  0.0000000E+00  0.0000000E+00  3.1005723E+23
   290.1924        224.46              3                         9.600 281.389 222.80
  4.1364281E+13  1.0417806E+14  1.8817973E+14  0.0000000E+00  0.0000000E+00  0.0000000E+00  0.0000000E+00  2.9594726E+23
   272.9523        221.21              3                        10.000 264.556 219.60
  3.9479486E+13  9.9431144E+13  1.7960488E+14  0.0000000E+00  0.0000000E+00  0.0000000E+00  0.0000000E+00  2.8246204E+23
   254.5648        217.96              3                        10.500 244.624 216.30
  4.6715059E+13  1.1765429E+14  2.1252181E+14  0.0000000E+00  0.0000000E+00  0.0000000E+00  0.0000000E+00  3.3422996E+23
   235.2737        215.31              3                        11.000 225.952 214.30
  4.3705524E+13  1.1007463E+14  1.9883041E+14  0.0000000E+00  0.0000000E+00  0.0000000E+00  0.0000000E+00  3.1269739E+23
   217.3588        215.43              3                        11.500 208.735 216.60
  4.0350303E+13  1.0162435E+14  1.8356652E+14  0.0000000E+00  0.0000000E+00  0.0000000E+00  0.0000000E+00  2.8869209E+23
   200.9368        218.56              3                        12.000 193.091 220.60
  3.6766656E+13  9.2598748E+13  1.6726317E+14  0.0000000E+00  0.0000000E+00  0.0000000E+00  0.0000000E+00  2.6305221E+23
   185.9521        222.03              3                        12.500 178.782 223.50
  3.3495930E+13  8.4361286E+13  1.5238378E+14  0.0000000E+00  0.0000000E+00  0.0000000E+00  0.0000000E+00  2.3965170E+23
   172.2463        223.89              3                        13.000 165.703 224.30
  3.0770475E+13  7.7497090E+13  1.3998488E+14  0.0000000E+00  0.0000000E+00  0.0000000E+00  0.0000000E+00  2.2015175E+23
   154.0362        224.59              3                        14.000 142.359 224.90
  5.4784346E+13  1.3797723E+14  2.4923160E+14  0.0000000E+00  0.0000000E+00  0.0000000E+00  0.0000000E+00  3.9196247E+23
   132.3605        225.09              3                        15.000 122.356 225.30
  4.6971096E+13  1.1829916E+14  2.1368672E+14  0.0000000E+00  0.0000000E+00  0.0000000E+00  0.0000000E+00  3.3606141E+23
   100.5637        225.85              3                        18.000 78.7330 226.50
  1.0518913E+14  2.6492425E+14  4.7853905E+14  0.0000000E+00  0.0000000E+00  0.0000000E+00  0.0000000E+00  7.5259012E+23
   68.52673        226.83              3                        20.000 58.3100 227.20
  4.7993508E+13  1.2087415E+14  2.1833790E+14  0.0000000E+00  0.0000000E+00  0.0000000E+00  0.0000000E+00  3.4337602E+23
   42.84528        227.51              3                        25.000 27.3650 227.90
  7.1949938E+13  1.8120967E+14  3.2732332E+14  0.0000000E+00  0.0000000E+00  0.0000000E+00  0.0000000E+00  5.1477462E+23
   20.28419        231.37              3                        30.000 13.1230 235.90
  3.3518481E+13  8.4418035E+13  1.5248634E+14  0.0000000E+00  0.0000000E+00  0.0000000E+00  0.0000000E+00  2.3981158E+23
